u=0.775423210009664 0.205948361757187 0.300977098895692
v=0.404292633945259 0.960604464151247 0.316351885589004
u=0.775423210009664 0.205948361757187 0.300977098895692
v=0.404292633945259 0.960604464151247 0.316351885589004

-u =-0.775423210009664 -0.205948361757187 -0.300977098895692
t  =-0.775423210009664 -0.205948361757187 -0.300977098895692
test 'unary -' passed

u-v =0.371130576064405 -0.754656102394059 -0.0153747866933117
t   =0.371130576064405 -0.754656102394059 -0.0153747866933117
test 'operator-' passed

u+v =1.17971584395492 1.16655282590843 0.617328984484695
t   =1.17971584395492 1.16655282590843 0.617328984484695
test 'operator+' passed

u*c =0.599468234932094 0.159215637752446 0.232680951383612
t   =0.599468234932094 0.159215637752446 0.232680951383612
test 'operator*' passed

u%v=0.606547480440445
d  =0.606547480440445
test 'dot product' passed

