Solution to Rosenbrock:
x[0] = 0.999765367803741
x[1] = 0.999465293439155
Solution to Himmelblau:
x[0] = 2.99987439165669
x[1] = 2.00011224919722
